1.0000000000
0.9996858864
0.9996818831
0.9996875040
0.9996330603
0.9996533212
0.9996346975
0.9996398960
0.9996326295
0.9995987342
0.9995867863
0.9995586511
0.9995284615
0.9994878266
0.9994614089
0.9994156853
0.9993700546
0.9993374126
0.9993155732
0.9991917312
0.9991335859
0.9990654444
0.9989440969
0.9988246448
0.9986994374
0.9985544378
0.9983777400
0.9981831918
0.9979634967
0.9977398305
0.9974197958
0.9971347944
0.9967554803
0.9963643777
0.9959510102
0.9955047434
0.9951416146
0.9946578795
0.9940912254
0.9935404130
0.9928891876
0.9922751673
0.9916474422
0.9909526365
0.9902212781
0.9893044562
0.9883404439
0.9875680321
0.9865719439
0.9854660352
0.9842606512
0.9828464748
0.9816466783
0.9798079414
0.9779328928
0.9757388700
0.9728826504
0.9694792305
0.9652890540
0.9608791026
0.9554416260
0.9499242686
0.9423789083
0.9343050698
0.9254872253
0.9161483589
0.9059407691
0.8937676035
0.8805670899
0.8663257693
0.8501312083
0.8328369221
0.8113305225
0.7857761694
0.7723461032
0.7567928034
0.7409092123
0.7079772384
0.6835399044
0.6594997551
0.0000000000

